	ecoli_rscu	ecoli_w	scer_rscu	scer_w
UUU	0.456	0.296	0.203	0.113
UUC	1.544	1	1.797	1
UUA	0.106	0.02	0.601	0.117
UUG	0.106	0.02	5.141	1
CUU	0.225	0.042	0.029	0.006
CUC	0.198	0.037	0.014	0.003
CUA	0.04	0.007	0.2	0.039
CUG	5.326	1	0.014	0.003
AUU	0.466	0.185	1.352	0.823
AUC	2.525	1	1.643	1
AUA	0.008	0.003	0.005	0.003
AUG	1	1	1	1
GUU	2.244	1	2.161	1
GUC	0.148	0.066	1.796	0.831
GUA	1.111	0.495	0.004	0.002
GUG	0.496	0.221	0.039	0.018
UAU	0.386	0.239	0.132	0.071
UAC	1.614	1	1.868	1
UAA	--	--	--	--
UAG	--	--	--	--
CAU	0.451	0.291	0.394	0.245
CAC	1.549	1	1.606	1
CAA	0.22	0.124	1.987	1
CAG	1.78	1	0.013	0.007
AAU	0.097	0.051	0.1	0.053
AAC	1.903	1	1.9	1
AAA	1.596	1	0.237	0.135
AAG	0.404	0.253	1.763	1
GAU	0.605	0.434	0.713	0.554
GAC	1.395	1	1.287	1
GAA	1.589	1	1.968	1
GAG	0.411	0.259	0.032	0.016
UCU	2.571	1	3.359	1
UCC	1.912	0.744	2.327	0.693
UCA	0.198	0.077	0.122	0.036
UCG	0.044	0.017	0.017	0.005
CCU	0.231	0.07	0.179	0.047
CCC	0.038	0.012	0.036	0.009
CCA	0.442	0.135	3.776	1
CCG	3.288	1	0.009	0.002
ACU	1.804	0.965	1.899	0.921
ACC	1.87	1	2.063	1
ACA	0.141	0.076	0.025	0.012
ACG	0.185	0.099	0.013	0.006
GCU	1.877	1	3.005	1
GCC	0.228	0.122	0.948	0.316
GCA	1.099	0.586	0.044	0.015
GCG	0.796	0.424	0.004	0.001
UGU	0.667	0.5	1.857	1
UGC	1.333	1	0.143	0.077
UGA	--	--	--	--
UGG	1	1	1	1
CGU	4.38	1	0.718	0.137
CGC	1.561	0.356	0.008	0.002
CGA	0.017	0.004	0.008	0.002
CGG	0.017	0.004	0.008	0.002
AGU	0.22	0.085	0.07	0.021
AGC	1.055	0.41	0.105	0.031
AGA	0.017	0.004	5.241	1
AGG	0.008	0.002	0.017	0.003
GGU	2.283	1	3.898	1
GGC	1.652	0.724	0.077	0.02
GGA	0.022	0.01	0.009	0.002
GGG	0.043	0.019	0.017	0.004